         0   -0.100000E+06    0.195312E+01    0.109065E+02    0.533034E+03    0.144472E+04    0.373835E+04    0.138351E+03    0.112584E+01
         1   -0.100000E+06    0.195312E+01    0.109065E+02    0.533034E+03    0.144472E+04    0.373835E+04    0.138351E+03    0.112584E+01
         2   -0.100000E+06    0.195312E+01    0.109065E+02    0.533034E+03    0.144472E+04    0.373835E+04    0.138351E+03    0.112584E+01
         3   -0.100000E+06    0.183487E+01    0.119209E+02    0.249145E+03    0.113541E+04    0.948871E+04    0.131291E+03    0.954145E+00
         4   -0.100000E+06    0.162377E+01    0.116780E+02    0.234297E+03    0.120717E+04    0.870087E+04    0.996194E+02    0.103110E+01
         5   -0.100000E+06    0.162377E+01    0.116780E+02    0.234297E+03    0.120717E+04    0.870087E+04    0.996194E+02    0.103110E+01
         6   -0.100000E+06    0.162377E+01    0.116780E+02    0.234297E+03    0.120717E+04    0.870087E+04    0.996194E+02    0.103110E+01
         7   -0.100000E+06    0.162377E+01    0.116780E+02    0.234297E+03    0.120717E+04    0.870087E+04    0.996194E+02    0.103110E+01
         8   -0.100000E+06    0.181712E+01    0.116573E+02    0.283579E+03    0.122770E+04    0.780725E+04    0.125190E+03    0.101858E+01
         9   -0.100000E+06    0.183560E+01    0.121019E+02    0.275146E+03    0.119555E+04    0.840468E+04    0.130202E+03    0.983647E+00
        10   -0.100000E+06    0.183572E+01    0.121413E+02    0.275146E+03    0.119555E+04    0.834936E+04    0.130235E+03    0.982362E+00
        11   -0.100000E+06    0.192600E+01    0.132765E+02    0.231886E+03    0.102865E+04    0.136302E+05    0.156192E+03    0.848060E+00
