215	4.00000001e-15	3.89999984e-18	5.64869998e-32
214	4.73000011e-15	3.93000002e-18	5.64869986e-31
213	4.7599999e-15	3.95000001e-18	5.64869986e-30
212	4.91000012e-15	4.07499982e-18	5.64870017e-29
211	6.99000006e-15	5.8000002e-18	6.7672999e-28
210	9.89999996e-15	8.20000023e-18	7.82989977e-27
209	2.71999999e-14	2.25500006e-17	9.50780029e-26
208	1.27e-13	1.05999999e-16	3.25500004e-24
207	6.93000019e-13	5.75000005e-16	1.06260006e-22
206	6.29500011e-12	5.2200002e-15	5.44959997e-21
205	1.58099991e-11	1.31099999e-14	2.7785e-20
204	3.97200016e-11	3.29349991e-14	1.35959994e-19
203	9.97599989e-11	8.27000008e-14	6.43729996e-19
202	2.50600013e-10	2.07800004e-13	2.94519994e-18
201	6.29399977e-10	5.21999978e-13	1.29639997e-17
200	1.581e-9	1.31100003e-12	5.45580009e-17
199	3.97200006e-9	3.29400006e-12	2.18730006e-16
198	4.99999997e-9	4.14649998e-12	2.94129994e-16
197	9.97599958e-9	8.27499961e-12	8.02570017e-16
196	1.98999999e-8	1.651e-11	2.14369999e-15
195	3.97199997e-8	3.29450009e-11	5.62639983e-15
194	7.9240003e-8	6.57500027e-11	1.45639997e-14
193	1.58099994e-7	1.31199995e-10	3.73379984e-14
192	1.98999999e-7	1.65200006e-10	4.88699996e-14
191	3.15499989e-7	2.61849986e-10	9.11069993e-14
190	4.99999999e-7	4.15049994e-10	1.69410005e-13
189	6.29400006e-7	5.22499988e-10	2.30929994e-13
188	7.92399987e-7	6.57999988e-10	2.81650002e-13
187	9.97599955e-7	8.28499991e-10	3.83670011e-13
186	1.58099999e-6	1.31300004e-9	7.11400014e-13
185	2.5060001e-6	2.08199991e-9	1.31769996e-12
184	3.97199983e-6	3.3005001e-9	2.43959995e-12
183	4.99999987e-6	4.15599999e-9	3.16660001e-12
182	6.29399983e-6	5.22999999e-9	4.30759985e-12
181	7.92399987e-6	6.5900001e-9	5.86130016e-12
180	9.976e-6	8.29500024e-9	7.96970042e-12
179	0.00001256	1.045e-8	1.08389998e-11
178	0.0000158099992	1.31549998e-8	1.39989999e-11
177	0.0000199000006	1.6565e-8	1.90380003e-11
176	0.0000250600006	2.08599999e-8	2.58830006e-11
175	0.0000315500001	2.62699995e-8	3.32719997e-11
174	0.0000397199983	3.30850014e-8	4.52399992e-11
173	0.0000499999987	4.16600017e-8	6.15209966e-11
172	0.000062940002	5.24500017e-8	8.36119993e-11
171	0.0000792400024	6.61000001e-8	1.13700001e-10
170	0.00009976	8.31999998e-8	1.45250006e-10
169	0.000110499997	9.2199997e-8	1.61739996e-10
168	0.000125599996	1.04800002e-7	1.83999996e-10
167	0.000158099996	1.31999997e-7	2.50169996e-10
166	0.000199000002	1.66250004e-7	3.25279997e-10
164	0.000257200008	2.14950006e-7	4.36519987e-10
165	0.000250599987	2.094e-7	4.38359987e-10
163	0.000266999996	2.23000001e-7	4.41269993e-10
162	0.000312599994	2.61400004e-7	4.67110017e-10
156	0.00100000001	8.41528747e-7	4.70257815e-10
161	0.000395100011	3.30500001e-7	5.08829978e-10
160	0.000475899986	3.98200001e-7	5.49830015e-10
159	0.000581200002	4.86399983e-7	6.0569999e-10
158	0.000714300026	5.97999986e-7	6.81199985e-10
157	0.000878599996	7.35500009e-7	7.8243001e-10
155	0.00500000001	4.21516539e-6	7.04778782e-9
154	0.01	8.43854053e-6	1.45139718e-8
153	0.015	0.0000126672671	2.62697827e-8
152	0.02	0.000016900432	4.05674724e-8
151	0.025	0.0000211374665	5.69532689e-8
150	0.03	0.0000253779855	7.52445638e-8
149	0.035	0.0000296217149	9.53657839e-8
148	0.04	0.0000338684539	1.17299621e-7
147	0.045	0.0000381180526	1.4106447e-7
146	0.05	0.0000423703981	1.66702091e-7
145	0.055	0.0000466254054	1.94270264e-7
144	0.06	0.0000508830106	2.23838165e-7
143	0.065	0.000055143167	2.55483362e-7
142	0.07	0.000059405841	2.892898e-7
141	0.075	0.0000636710102	3.2534643e-7
140	0.08	0.0000679386612	3.63172009e-7
139	0.085	0.000071408	3.9938e-7
138	0.09	0.000075636	4.4117e-7
137	0.095	0.000079865	4.8482e-7
136	0.1	0.000084097	5.3065e-7
135	0.105	0.00008833	5.7899e-7
134	0.11	0.000092565	6.3018e-7
133	0.115	0.000096802	6.8452e-7
132	0.12	0.00010104	7.4236e-7
131	0.125	0.00010528	8.0402e-7
130	0.13	0.00010952	8.6983e-7
129	0.135	0.00011377	9.4011e-7
128	0.14	0.00011801	1.0152e-6
127	0.145	0.00012226	1.0954e-6
126	0.15	0.00012651	1.1811e-6
125	0.155	0.00013076	1.2725e-6
124	0.16	0.00013502	1.3701e-6
123	0.165	0.00013927	1.4741e-6
122	0.17	0.00014353	1.5849e-6
121	0.175	0.00014779	1.7027e-6
120	0.18	0.00015205	1.828e-6
119	0.185	0.00015631	1.961e-6
118	0.19	0.00016058	2.1021e-6
117	0.195	0.00016485	2.2517e-6
116	0.2	0.00016912	2.4099e-6
115	0.205	0.00017339	2.5772e-6
114	0.21	0.00017766	2.7539e-6
113	0.215	0.00018194	2.9403e-6
112	0.22	0.00018621	3.1367e-6
111	0.225	0.00019049	3.3435e-6
110	0.23	0.00019478	3.561e-6
109	0.23	0.00019478	3.561e-6
108	0.24	0.00020335	4.0224e-6
107	0.25	0.000212	4.5201e-6
106	0.26	0.00022065	5.0568e-6
105	0.27	0.00022931	5.6333e-6
104	0.28	0.00023796	6.2515e-6
103	0.29	0.00024669	6.913e-6
102	0.3	0.00025543	7.6188e-6
101	0.31	0.00026417	8.3725e-6
100	0.32	0.00027299	9.1748e-6
99	0.33	0.00028172	0.000010025
98	0.34	0.00029054	0.000010937
97	0.35	0.00029944	0.000011894
96	0.36	0.00030826	0.000012921
95	0.37	0.00031717	0.000013992
94	0.38	0.00032615	0.000015135
93	0.39	0.00033514	0.000016339
92	0.4	0.00034412	0.000017606
91	0.41	0.00035311	0.000018943
90	0.42	0.00036218	0.000020342
89	0.43	0.00037125	0.000021812
88	0.44	0.0003804	0.000023353
87	0.45	0.00038955	0.000024974
86	0.46	0.0003987	0.000026665
85	0.47	0.00040794	0.000028428
84	0.48	0.00041726	0.000030279
83	0.49	0.00042658	0.0000322
82	0.5	0.0004359	0.000034202
81	0.51	0.0004453	0.000036283
80	0.52	0.0004547	0.000038453
79	0.53	0.00046418	0.000040702
78	0.54	0.00047367	0.00004304
77	0.55	0.00048324	0.000045467
76	0.56	0.00049289	0.000047973
75	0.57	0.00050246	0.000050577
74	0.58	0.00051219	0.000053269
73	0.59	0.00052193	0.000056058
72	0.6	0.00053174	0.000058937
71	0.61	0.00054156	0.000061912
70	0.62	0.00055146	0.000064976
69	0.63	0.00056136	0.000068147
68	0.64	0.00057135	0.000071415
67	0.65	0.00058142	0.000074789
66	0.66	0.00059148	0.00007826
65	0.67	0.00060163	0.000081829
64	0.68	0.00061179	0.000085514
63	0.69	0.00062202	0.000089268
62	0.7	0.00063234	0.000093165
61	0.71	0.00064274	0.000097239
60	0.72	0.00065314	0.00010131
59	0.74	0.0006741	0.0001099
58	0.76	0.0006954	0.00011894
57	0.78	0.00071687	0.00012841
56	0.8	0.00073859	0.00013833
55	0.82	0.00076055	0.00014887
54	0.84	0.00078285	0.00015976
53	0.86	0.00080531	0.00017128
52	0.88	0.00082811	0.00018332
51	0.9	0.00085116	0.00019581
50	0.92	0.00087445	0.00020891
49	0.94	0.00089858	0.00022255
48	0.96	0.00092188	0.00023681
47	0.98	0.00094601	0.0002516
46	1.	0.00097097	0.00026701
45	1.02	0.00099593	0.00028304
44	1.04	0.0010209	0.00029969
43	1.06	0.0010467	0.00031696
42	1.08	0.0010725	0.00033485
41	1.1	0.0010983	0.00035335
40	1.12	0.0011249	0.00037257
39	1.14	0.0011515	0.0003925
38	1.16	0.001179	0.00041304
37	1.18	0.0012064	0.0004343
36	1.2	0.0012347	0.00045626
35	1.22	0.001263	0.00047902
34	1.24	0.0012921	0.00050249
33	1.26	0.0013212	0.00052667
32	1.28	0.0013504	0.00055164
31	1.3	0.0013803	0.00057741
30	1.32	0.0014103	0.00060389
29	1.34	0.0014411	0.00063126
28	1.36	0.0014727	0.00065933
27	1.38	0.0015043	0.00068829
26	1.4	0.0015359	0.00071813
25	1.42	0.0015684	0.00074877
24	1.44	0.0016008	0.0007803
23	1.46	0.0016341	0.00081263
22	1.48	0.0016682	0.00084593
21	1.5	0.0017023	0.00088011
20	1.52	0.0017373	0.00091482
19	1.54	0.0017722	0.00095113
18	1.56	0.001808	0.00098833
17	1.58	0.0018438	0.0010264
16	1.6	0.0018804	0.0010645
15	1.62	0.0019178	0.0011043
14	1.64	0.0019552	0.001146
13	1.66	0.0019935	0.0011876
12	1.68	0.0020318	0.0012301
11	1.7	0.0020709	0.0012744
10	1.72	0.0021108	0.0013187
9	1.74	0.0021508	0.0013647
8	1.76	0.0021915	0.0014116
7	1.78	0.0022323	0.0014604
6	1.8	0.0022747	0.0015091
5	1.82	0.0023172	0.0015595
4	1.84	0.0023596	0.0016109
3	1.86	0.0024037	0.0016632
2	1.88	0.0024478	0.0017172
1	1.9	0.0024919	0.0017721
