180	0.299449098	0.000251825253	8.956e-11
179	0.302663989	0.00025453329	8.37826263e-7
178	0.31016838	0.0002608902	2.8064467e-6
177	0.317795767	0.000267401758	4.82560865e-6
176	0.325547152	0.000274070503	6.89616814e-6
175	0.333423541	0.000280894105	9.01751916e-6
174	0.341425935	0.000287873902	0.00001119015
173	0.349555328	0.000295018058	0.000013416604
172	0.357812722	0.000302329216	0.0000156977712
171	0.366199116	0.00030981001	0.0000180345381
170	0.374715513	0.000317463091	0.0000204277977
169	0.383362912	0.000325291132	0.0000228784501
168	0.392142314	0.000333296828	0.0000253874025
167	0.40105472	0.000341482894	0.0000279555688
166	0.410101138	0.000349841359	0.0000305806042
165	0.419282562	0.000358383724	0.0000332660924
164	0.428599992	0.000367114152	0.0000360133891
163	0.438054427	0.000376035438	0.0000388234342
162	0.447646869	0.00038515039	0.0000416971717
161	0.457378317	0.000394461837	0.0000446355525
160	0.467249773	0.000403972627	0.0000476395345
159	0.477262237	0.00041368563	0.0000507100824
158	0.48741671	0.00042360374	0.0000538481677
157	0.497714191	0.000433729866	0.0000570547691
156	0.508155684	0.000444060113	0.0000603287602
155	0.51874219	0.000454596878	0.0000636709531
154	0.529474706	0.000465349869	0.0000670844262
153	0.540354233	0.000476322119	0.000070570196
152	0.551381769	0.000487516631	0.0000741292711
151	0.562558317	0.00049893643	0.0000777626668
150	0.573884876	0.000510584561	0.0000814714053
149	0.585362447	0.00052246409	0.0000852565155
148	0.596992029	0.000534578103	0.0000891190333
147	0.608774624	0.000546929708	0.0000930600015
146	0.620711231	0.000559522033	0.0000970804697
145	0.632802851	0.000572358229	0.000101181494
144	0.645050485	0.000585441463	0.000105364138
143	0.657455134	0.000598764923	0.000109626336
142	0.670017799	0.000612335103	0.000113970185
141	0.682739478	0.000626161259	0.000118398657
140	0.695621171	0.000640246677	0.000122912851
139	0.708663879	0.000654594617	0.000127513861
138	0.721868601	0.000669208361	0.000132202787
137	0.735236338	0.000684091211	0.000136980735
136	0.74876809	0.000699246489	0.00014184882
135	0.762464857	0.000714677538	0.000146808161
134	0.77632764	0.000730387724	0.000151859886
133	0.790357439	0.000746380429	0.00015700513
132	0.804555253	0.00076265906	0.000162245032
131	0.818922084	0.000779227043	0.000167580741
130	0.833458932	0.000796087823	0.000173013411
129	0.848166796	0.000813244869	0.000178544204
128	0.863046677	0.000830701668	0.000184174288
127	0.878099576	0.000848457908	0.000189903626
126	0.893326494	0.000866505005	0.000195729546
125	0.90872843	0.000884861608	0.000201658029
124	0.924306383	0.000903531401	0.000207690307
123	0.940061354	0.000922517964	0.000213827577
122	0.955994343	0.000941824895	0.000220071045
121	0.97210635	0.000961455813	0.000226421922
120	0.988398375	0.000981414358	0.000232881427
119	1.00487142	0.00100170419	0.000239450784
118	1.02152648	0.00102232899	0.000246131227
117	1.03836456	0.00104329246	0.000252923993
116	1.05538666	0.00106459832	0.000259830328
115	1.07259378	0.00108625031	0.000266851485
114	1.08998692	0.00110825221	0.000273988724
113	1.10756708	0.00113060778	0.000281243309
112	1.12533526	0.00115332083	0.000288616514
111	1.14329245	0.0011763952	0.000296109618
110	1.16143967	0.00119983471	0.000303723908
109	1.17977791	0.00122364325	0.000311460678
108	1.19830817	0.00124782469	0.000319321226
107	1.21703144	0.00127238295	0.000327306861
106	1.23594874	0.00129732194	0.000335418895
105	1.25506106	0.00132263423	0.000343654989
104	1.2743694	0.00134832159	0.000352015754
103	1.29387477	0.00137440069	0.000360506603
102	1.31357815	0.00140087564	0.000369128908
101	1.33348056	0.00142775045	0.000377884013
100	1.35358298	0.00145502917	0.000386773267
99	1.37388643	0.00148271585	0.000395798029
98	1.3943919	0.00151081458	0.000404959661
97	1.41510039	0.00153932944	0.000414259534
96	1.4360129	0.00156826456	0.000423699025
95	1.45713044	0.00159762408	0.000433279518
94	1.478454	0.00162741215	0.000443002405
93	1.49998458	0.00165763297	0.000452869082
92	1.52172318	0.00168829072	0.000462880955
91	1.5436708	0.00171938963	0.000473039434
90	1.56582845	0.00175093395	0.000483345936
89	1.58819712	0.00178292793	0.000493801888
88	1.61077782	0.00181537585	0.00050440872
87	1.63357153	0.00184828203	0.000515167871
86	1.65657927	0.00188165078	0.000526080785
85	1.67980204	0.00191548645	0.000537148915
84	1.70324082	0.0019497934	0.000548373719
83	1.72689663	0.00198457601	0.000559756663
82	1.75077047	0.00201983869	0.000571299218
81	1.77486332	0.00205558588	0.000583002864
80	1.79917621	0.002091822	0.000594869087
79	1.82371011	0.00212855153	0.000606899378
78	1.84846604	0.00216577896	0.000619095237
77	1.873445	0.00220350879	0.000631458171
76	1.89864798	0.00224174555	0.000643989692
75	1.92407598	0.00228048543	0.0006566886
74	1.94973001	0.00231971706	0.000669551242
73	1.97561107	0.00235946822	0.000682586682
72	2.00172015	0.00239974371	0.000695796525
71	2.02805825	0.00244054815	0.000709182313
70	2.05462638	0.00248188617	0.000722745597
69	2.08142553	0.00252376244	0.000736487933
68	2.10845671	0.00256618164	0.000750410882
67	2.13572092	0.00260914845	0.000764516016
66	2.16321915	0.00265266761	0.000778804909
65	2.19095241	0.00269674385	0.000793279146
64	2.21892169	0.00274138192	0.000807940316
63	2.247128	0.00278658661	0.000822790016
62	2.27557234	0.00283236273	0.000837829849
61	2.3042557	0.00287871508	0.000853061425
60	2.33317909	0.00292564851	0.000868486361
59	2.36234351	0.00297316789	0.000884106281
58	2.39174995	0.00302127809	0.000899922816
57	2.42139942	0.00306998401	0.000915937602
56	2.45129291	0.00311929058	0.000932152283
55	2.48143143	0.00316920274	0.000948568511
54	2.51181598	0.00321972546	0.000965187942
53	2.54244756	0.00327086371	0.000982012241
52	2.57332716	0.0033226225	0.000999043078
51	2.6044558	0.00337500685	0.00101628213
50	2.63583446	0.00342802181	0.00103373109
49	2.66746414	0.00348167244	0.00105139163
48	2.69934586	0.00353596383	0.00106926547
47	2.7314806	0.00359090109	0.00108735431
46	2.76386937	0.00364648933	0.00110565984
45	2.79651317	0.0037027337	0.00112418381
44	2.829413	0.00375963938	0.00114292792
43	2.86256985	0.00381721154	0.00116189392
42	2.89598474	0.00387545539	0.00118108354
41	2.92965865	0.00393437617	0.00120049852
40	2.96359259	0.00399397911	0.00122014062
39	2.99778756	0.00405426949	0.0012400116
38	3.03224456	0.00411525259	0.00126011322
37	3.06696459	0.00417693373	0.00128044725
36	3.10194865	0.00423931823	0.00130101548
35	3.13719774	0.00430241144	0.00132181969
34	3.17271285	0.00436621872	0.00134286167
33	3.208495	0.00443074548	0.00136414322
32	3.24454518	0.00449599713	0.00138566615
31	3.28086438	0.00456197908	0.00140743227
30	3.31745362	0.00462868616	0.00142943992
29	3.35431388	0.00469609866	0.00145168264
28	3.39144618	0.00476425647	0.00147417356
27	3.42885151	0.00483316544	0.00149691464
26	3.46653086	0.00490283109	0.00151990771
25	3.50448525	0.00497325895	0.00154315462
24	3.54271567	0.00504445459	0.00156665723
23	3.58122312	0.00511642359	0.00159041741
22	3.6200086	0.00518917155	0.00161443702
21	3.65907311	0.00526270408	0.00163871793
20	3.69841765	0.00533702684	0.00166326204
19	3.73804322	0.00541214549	0.00168807123
18	3.77795082	0.00548806569	0.0017131474
17	3.81814146	0.00556479317	0.00173849245
16	3.85861612	0.00564233364	0.00176410829
15	3.89937582	0.00572069283	0.00178999684
14	3.94042155	0.00579987653	0.00181616002
13	3.98175431	0.0058798905	0.00184259977
12	4.02337511	0.00596074056	0.00186931801
11	4.06528493	0.00604243252	0.0018963167
10	4.10748479	0.00612497224	0.00192359778
9	4.14997568	0.00620836557	0.00195116322
8	4.1927586	0.0062926184	0.00197901496
7	4.23583456	0.00637773663	0.002007155
6	4.27920455	0.0064637262	0.0020355853
5	4.32286957	0.00655059303	0.00206430784
4	4.36683062	0.00663834311	0.00209332462
3	4.41108871	0.00672698242	0.00212263764
2	4.45564482	0.00681651696	0.00215224891
1	4.50049998	0.00690695276	0.00218216042
